20647.514791599016 -21452.123101513993 1
10162.034550921195 12838.820918815021 1
25441.254397214798 -18591.483455026057 1
35585.20834335048 24304.331547206144 1
10196.13364441791 12538.9385813259 1
22061.936110145078 22018.01749351435 1
36307.343840981266 -8414.905417694506 1
26279.808056499856 -18306.118398993465 1
38607.68128268798 156.21282913758478 1
10395.674372613328 16565.670193473095 1
10788.54318373231 11030.152891099526 1
6779.220079378561 -3408.9055710437387 1
9898.501606258094 12565.862145572188 1
11198.001194553497 13842.658904320524 1
9557.441474950703 11978.084465148786 1
4014.011247822441 2336.8359657334076 1
13386.511937618838 14796.699746881524 1
9060.658599130062 11139.220644913396 1
4928.630963508963 7233.580818127273 1
9794.544061195966 13120.290912157492 1
12985.953671740299 14800.39073102623 1
5785.6688762819185 -20621.422137428686 1
9838.086732519767 12910.716363068146 1
10349.258809369403 11486.042173169539 1
29197.430284118785 -19013.560183684982 1
1838.9810919458746 -12381.910419688269 1
25047.273577345128 -17202.0603806797 1
25978.378921462932 -12282.130225119967 1
-3523.6446726620943 -21249.76643390373 1
-3304.5630611075394 -21511.06244859028 1
19847.65680558887 -3910.797176831169 1
26124.070921237802 -18143.17821027276 1
26983.756949029514 -21705.048517931806 1
28178.747954179507 -17649.651556384444 1
25929.12569164087 -35308.39692438771 1
1585.0689563096448 -3544.5637423226726 1
10420.165417486987 11981.15028242553 1
10028.512662761179 13843.306306672115 1
11638.018867358991 10283.823433593614 1
10040.500195214487 12747.554087581128 1
10460.695693434964 14245.560726640942 1
10536.384470555151 12610.135498523232 1
9370.863441622087 13031.981375505493 1
11475.39866838045 -13114.041987903023 1
9951.56922978647 12064.721421576352 1
8445.840240564943 2342.7691074305767 1
86716.57213125445 -6748.482301069074 1
8577.634823807446 6775.334783387225 1
6780.048746780861 -3406.239716915603 1
6194.428945857155 5360.716167058228 1
9557.29761105992 12871.351928083925 1
10196.130950620185 12543.270517532947 1
12812.907727067504 12107.189783279668 1
12465.735866414061 14898.627083228152 1
35096.09150127681 -455.7372505232488 1
45825.883100559375 6896.567916709086 1
34532.68822114389 -3661.214114332586 1
22326.429598509643 -20232.663635797842 1
11234.522215367022 14315.980132931087 1
10350.158283555615 11888.134919150907 1
28929.400412398816 40291.63009152859 1
2371.983028817114 -13058.386459888861 1
10509.93382596983 11588.780809535587 1
10445.8201899251 13853.009760785506 1
27877.19224781905 -17646.81437754295 1
26981.91256889386 -21699.72260657273 1
21571.01244549294 22309.480203645697 1
-6232.938866560429 -22841.34265902241 1
26892.446300911764 -21773.51583978752 1
6419.926493940911 5015.292161927704 1
-3514.1345023584636 -21477.582523750738 1
-18.751897524897686 -5190.079604558996 1
9451.245763288724 13057.458707205325 1
36169.27145826061 6429.813019151203 1
23752.97132559126 12271.793326525294 1
12082.684488190165 14563.8268909763 1
10586.99410269087 11284.930955064381 1
10862.503110308224 11268.350462598595 1
11733.450352199503 13897.515262648805 1
10852.413437646435 12073.749474780197 1
10908.722610865338 11879.297176926615 1
9710.547341976046 12006.602740487811 1
9451.234574890674 13079.118405934467 1
10503.348970318955 11289.762137875063 1
10367.567409898213 14134.979666005333 1
9709.730610638768 11987.608425324812 1
9930.638085625229 13908.671922228932 1
11584.119154461212 11437.849149019807 1
17469.272842531565 22904.64479613614 1
14531.820512130596 23777.236911200504 1
5309.566005802058 7020.17036050513 1
10858.116963032491 14506.750795890715 1
6557.307795318906 11910.14841727377 1
13111.264102330517 13169.150992262556 1
24008.00502180039 21564.469777434337 1
9371.692183056071 13028.76060762415 1
9712.478221506 15689.980090272831 1
17989.93647937194 18664.380819434627 1
24078.678235985 -32474.11780962591 1
31367.87983671572 56610.11548674536 1
26010.650564146326 -17402.32360120285 1
